# Created by Octave 3.8.0, Thu Jul 03 23:45:12 2014 CST <omar@Mac-mini.local>
# name: A
# type: matrix
# rows: 3
# columns: 2
 1 2
 3 4
 5 6


